(kicad_pcb (version 20171130) (host pcbnew "(5.0.0)")

  (general
    (thickness 1.6)
    (drawings 4)
    (tracks 519)
    (zones 0)
    (modules 23)
    (nets 42)
  )

  (page A4)
  (layers
    (0 F.Cu signal)
    (31 B.Cu signal)
    (32 B.Adhes user hide)
    (33 F.Adhes user hide)
    (34 B.Paste user hide)
    (35 F.Paste user hide)
    (36 B.SilkS user hide)
    (37 F.SilkS user)
    (38 B.Mask user)
    (39 F.Mask user hide)
    (40 Dwgs.User user hide)
    (41 Cmts.User user)
    (42 Eco1.User user hide)
    (43 Eco2.User user)
    (44 Edge.Cuts user)
    (45 Margin user)
    (46 B.CrtYd user)
    (47 F.CrtYd user)
    (48 B.Fab user)
    (49 F.Fab user)
  )

  (setup
    (last_trace_width 0.25)
    (trace_clearance 0.2)
    (zone_clearance 0.5)
    (zone_45_only no)
    (trace_min 0.2)
    (segment_width 0.2)
    (edge_width 0.15)
    (via_size 0.8)
    (via_drill 0.4)
    (via_min_size 0.4)
    (via_min_drill 0.3)
    (uvia_size 0.3)
    (uvia_drill 0.1)
    (uvias_allowed no)
    (uvia_min_size 0.2)
    (uvia_min_drill 0.1)
    (pcb_text_width 0.3)
    (pcb_text_size 1.5 1.5)
    (mod_edge_width 0.15)
    (mod_text_size 1 1)
    (mod_text_width 0.15)
    (pad_size 1.1 1.1)
    (pad_drill 0.3)
    (pad_to_mask_clearance 0.2)
    (aux_axis_origin 0 0)
    (visible_elements 7FFFF7FF)
    (pcbplotparams
      (layerselection 0x010fc_ffffffff)
      (usegerberextensions false)
      (usegerberattributes false)
      (usegerberadvancedattributes false)
      (creategerberjobfile false)
      (excludeedgelayer true)
      (linewidth 0.100000)
      (plotframeref false)
      (viasonmask false)
      (mode 1)
      (useauxorigin false)
      (hpglpennumber 1)
      (hpglpenspeed 20)
      (hpglpendiameter 15.000000)
      (psnegative false)
      (psa4output false)
      (plotreference true)
      (plotvalue true)
      (plotinvisibletext false)
      (padsonsilk false)
      (subtractmaskfromsilk false)
      (outputformat 1)
      (mirror false)
      (drillshape 1)
      (scaleselection 1)
      (outputdirectory ""))
  )

  (net 0 "")
  (net 1 VIN)
  (net 2 GND)
  (net 3 "Net-(C2-Pad1)")
  (net 4 VCC)
  (net 5 "Net-(C11-Pad2)")
  (net 6 "Net-(D1-Pad2)")
  (net 7 "Net-(J2-Pad2)")
  (net 8 "Net-(J2-Pad3)")
  (net 9 "Net-(J2-Pad5)")
  (net 10 SWDIO)
  (net 11 SWCLK)
  (net 12 "Net-(J2-Pad11)")
  (net 13 "Net-(J2-Pad13)")
  (net 14 RESET)
  (net 15 "Net-(J2-Pad17)")
  (net 16 "Net-(J2-Pad19)")
  (net 17 PA0)
  (net 18 PA1)
  (net 19 PA2)
  (net 20 PB7)
  (net 21 PB8)
  (net 22 PB11)
  (net 23 PB13)
  (net 24 PB14)
  (net 25 PC0)
  (net 26 PC1)
  (net 27 PC14)
  (net 28 PC15)
  (net 29 PD5)
  (net 30 PD6)
  (net 31 PD7)
  (net 32 PE10)
  (net 33 PE11)
  (net 34 PE12)
  (net 35 PE13)
  (net 36 PF2)
  (net 37 "Net-(P1-Pad2)")
  (net 38 "Net-(P1-Pad3)")
  (net 39 "Net-(P1-Pad4)")
  (net 40 "Net-(U2-Pad21)")
  (net 41 "Net-(U2-Pad22)")

  (net_class Default "This is the default net class."
    (clearance 0.2)
    (trace_width 0.25)
    (via_dia 0.8)
    (via_drill 0.4)
    (uvia_dia 0.3)
    (uvia_drill 0.1)
    (add_net GND)
    (add_net "Net-(C11-Pad2)")
    (add_net "Net-(C2-Pad1)")
    (add_net "Net-(D1-Pad2)")
    (add_net "Net-(J2-Pad11)")
    (add_net "Net-(J2-Pad13)")
    (add_net "Net-(J2-Pad17)")
    (add_net "Net-(J2-Pad19)")
    (add_net "Net-(J2-Pad2)")
    (add_net "Net-(J2-Pad3)")
    (add_net "Net-(J2-Pad5)")
    (add_net "Net-(P1-Pad2)")
    (add_net "Net-(P1-Pad3)")
    (add_net "Net-(P1-Pad4)")
    (add_net "Net-(U2-Pad21)")
    (add_net "Net-(U2-Pad22)")
    (add_net PA0)
    (add_net PA1)
    (add_net PA2)
    (add_net PB11)
    (add_net PB13)
    (add_net PB14)
    (add_net PB7)
    (add_net PB8)
    (add_net PC0)
    (add_net PC1)
    (add_net PC14)
    (add_net PC15)
    (add_net PD5)
    (add_net PD6)
    (add_net PD7)
    (add_net PE10)
    (add_net PE11)
    (add_net PE12)
    (add_net PE13)
    (add_net PF2)
    (add_net RESET)
    (add_net SWCLK)
    (add_net SWDIO)
    (add_net VCC)
    (add_net VIN)
  )

  (module PTS645SK50SMTR92LFS:SW_PTS645SK50SMTR92LFS (layer F.Cu) (tedit 5B7646E6) (tstamp 5BBF845E)
    (at 178.09 100.165 90)
    (path /5B737B60)
    (attr smd)
    (fp_text reference "" (at -1.26757 -4.60199 90) (layer F.SilkS) hide
      (effects (font (size 1.40396 1.40396) (thickness 0.05)))
    )
    (fp_text value "" (at 0.095295 4.37414 90) (layer F.SilkS) hide
      (effects (font (size 1.40422 1.40422) (thickness 0.05)))
    )
    (fp_line (start -3 -3) (end 3 -3) (layer Dwgs.User) (width 0.127))
    (fp_line (start 3 -3) (end 3 3) (layer Dwgs.User) (width 0.127))
    (fp_line (start 3 3) (end -3 3) (layer Dwgs.User) (width 0.127))
    (fp_line (start -3 3) (end -3 -3) (layer Dwgs.User) (width 0.127))
    (fp_line (start -2.85 -3) (end 2.85 -3) (layer F.SilkS) (width 0.127))
    (fp_line (start -3 -1.25) (end -3 1.25) (layer F.SilkS) (width 0.127))
    (fp_line (start 3 -1.25) (end 3 1.25) (layer F.SilkS) (width 0.127))
    (fp_line (start -2.85 3) (end 2.85 3) (layer F.SilkS) (width 0.127))
    (fp_circle (center -5.67 -2.13) (end -5.51189 -2.13) (layer F.SilkS) (width 0.2))
    (fp_line (start -5 -3.25) (end 5 -3.25) (layer Eco1.User) (width 0.05))
    (fp_line (start 5 -3.25) (end 5 3.25) (layer Eco1.User) (width 0.05))
    (fp_line (start 5 3.25) (end -5 3.25) (layer Eco1.User) (width 0.05))
    (fp_line (start -5 3.25) (end -5 -3.25) (layer Eco1.User) (width 0.05))
    (fp_circle (center -2.368 -2.257) (end -2.20989 -2.257) (layer Dwgs.User) (width 0.2))
    (pad 3 smd rect (at -3.975 -2.25 90) (size 1.55 1.3) (layers F.Cu F.Paste F.Mask))
    (pad 1 smd rect (at -3.975 2.25 90) (size 1.55 1.3) (layers F.Cu F.Paste F.Mask)
      (net 2 GND))
    (pad 4 smd rect (at 3.975 2.25 90) (size 1.55 1.3) (layers F.Cu F.Paste F.Mask)
      (net 2 GND))
    (pad 2 smd rect (at 3.975 -2.25 90) (size 1.55 1.3) (layers F.Cu F.Paste F.Mask)
      (net 14 RESET))
  )

  (module Connector_PinHeader_2.54mm:PinHeader_1x25_P2.54mm_Vertical (layer F.Cu) (tedit 5B760F9C) (tstamp 5BBF840A)
    (at 195.58 63.5)
    (descr "Through hole straight pin header, 1x25, 2.54mm pitch, single row")
    (tags "Through hole pin header THT 1x25 2.54mm single row")
    (path /5B73901A)
    (fp_text reference "" (at 0 -2.33) (layer F.SilkS) hide
      (effects (font (size 1 1) (thickness 0.15)))
    )
    (fp_text value "" (at 0 63.29) (layer F.Fab)
      (effects (font (size 1 1) (thickness 0.15)))
    )
    (fp_line (start -0.635 -1.27) (end 1.27 -1.27) (layer F.Fab) (width 0.1))
    (fp_line (start 1.27 -1.27) (end 1.27 62.23) (layer F.Fab) (width 0.1))
    (fp_line (start 1.27 62.23) (end -1.27 62.23) (layer F.Fab) (width 0.1))
    (fp_line (start -1.27 62.23) (end -1.27 -0.635) (layer F.Fab) (width 0.1))
    (fp_line (start -1.27 -0.635) (end -0.635 -1.27) (layer F.Fab) (width 0.1))
    (fp_line (start -1.33 62.29) (end 1.33 62.29) (layer F.SilkS) (width 0.12))
    (fp_line (start -1.33 1.27) (end -1.33 62.29) (layer F.SilkS) (width 0.12))
    (fp_line (start 1.33 1.27) (end 1.33 62.29) (layer F.SilkS) (width 0.12))
    (fp_line (start -1.33 1.27) (end 1.33 1.27) (layer F.SilkS) (width 0.12))
    (fp_line (start -1.33 0) (end -1.33 -1.33) (layer F.SilkS) (width 0.12))
    (fp_line (start -1.33 -1.33) (end 0 -1.33) (layer F.SilkS) (width 0.12))
    (fp_line (start -1.8 -1.8) (end -1.8 62.75) (layer F.CrtYd) (width 0.05))
    (fp_line (start -1.8 62.75) (end 1.8 62.75) (layer F.CrtYd) (width 0.05))
    (fp_line (start 1.8 62.75) (end 1.8 -1.8) (layer F.CrtYd) (width 0.05))
    (fp_line (start 1.8 -1.8) (end -1.8 -1.8) (layer F.CrtYd) (width 0.05))
    (fp_text user %R (at 0 30.48 90) (layer F.Fab)
      (effects (font (size 1 1) (thickness 0.15)))
    )
    (pad 1 thru_hole rect (at 0 0) (size 1.7 1.7) (drill 1) (layers *.Cu *.Mask)
      (net 2 GND))
    (pad 3 thru_hole oval (at 0 2.54) (size 1.7 1.7) (drill 1) (layers *.Cu B.Mask)
      (net 1 VIN))
    (pad 2 thru_hole oval (at 0 5.08) (size 1.7 1.7) (drill 1) (layers *.Cu B.Mask)
      (net 4 VCC))
    (pad 4 thru_hole oval (at 0 7.62) (size 1.7 1.7) (drill 1) (layers *.Cu *.Mask)
      (net 10 SWDIO))
    (pad 5 thru_hole oval (at 0 10.16) (size 1.7 1.7) (drill 1) (layers *.Cu *.Mask)
      (net 11 SWCLK))
    (pad 6 thru_hole oval (at 0 12.7) (size 1.7 1.7) (drill 1) (layers *.Cu *.Mask)
      (net 17 PA0))
    (pad 7 thru_hole oval (at 0 15.24) (size 1.7 1.7) (drill 1) (layers *.Cu *.Mask)
      (net 18 PA1))
    (pad 8 thru_hole oval (at 0 17.78) (size 1.7 1.7) (drill 1) (layers *.Cu *.Mask)
      (net 19 PA2))
    (pad 9 thru_hole oval (at 0 20.32) (size 1.7 1.7) (drill 1) (layers *.Cu *.Mask)
      (net 20 PB7))
    (pad 10 thru_hole oval (at 0 22.86) (size 1.7 1.7) (drill 1) (layers *.Cu *.Mask)
      (net 21 PB8))
    (pad 11 thru_hole oval (at 0 25.4) (size 1.7 1.7) (drill 1) (layers *.Cu *.Mask)
      (net 22 PB11))
    (pad 12 thru_hole oval (at 0 27.94) (size 1.7 1.7) (drill 1) (layers *.Cu *.Mask)
      (net 23 PB13))
    (pad 13 thru_hole oval (at 0 30.48) (size 1.7 1.7) (drill 1) (layers *.Cu *.Mask)
      (net 24 PB14))
    (pad 14 thru_hole oval (at 0 33.02) (size 1.7 1.7) (drill 1) (layers *.Cu *.Mask)
      (net 25 PC0))
    (pad 15 thru_hole oval (at 0 35.56) (size 1.7 1.7) (drill 1) (layers *.Cu *.Mask)
      (net 26 PC1))
    (pad 16 thru_hole oval (at 0 38.1) (size 1.7 1.7) (drill 1) (layers *.Cu B.Mask)
      (net 27 PC14))
    (pad 17 thru_hole oval (at 0 40.64) (size 1.7 1.7) (drill 1) (layers *.Cu B.Mask)
      (net 28 PC15))
    (pad 18 thru_hole oval (at 0 43.18) (size 1.7 1.7) (drill 1) (layers *.Cu *.Mask)
      (net 29 PD5))
    (pad 19 thru_hole oval (at 0 45.72) (size 1.7 1.7) (drill 1) (layers *.Cu *.Mask)
      (net 30 PD6))
    (pad 20 thru_hole oval (at 0 48.26) (size 1.7 1.7) (drill 1) (layers *.Cu *.Mask)
      (net 31 PD7))
    (pad 21 thru_hole oval (at 0 50.8) (size 1.7 1.7) (drill 1) (layers *.Cu *.Mask)
      (net 32 PE10))
    (pad 22 thru_hole oval (at 0 53.34) (size 1.7 1.7) (drill 1) (layers *.Cu *.Mask)
      (net 33 PE11))
    (pad 23 thru_hole oval (at 0 55.88) (size 1.7 1.7) (drill 1) (layers *.Cu *.Mask)
      (net 34 PE12))
    (pad 24 thru_hole oval (at 0 58.42) (size 1.7 1.7) (drill 1) (layers *.Cu *.Mask)
      (net 35 PE13))
    (pad 25 thru_hole oval (at 0 60.96) (size 1.7 1.7) (drill 1) (layers *.Cu *.Mask)
      (net 36 PF2))
    (model ${KISYS3DMOD}/Connector_PinHeader_2.54mm.3dshapes/PinHeader_1x25_P2.54mm_Vertical.wrl
      (at (xyz 0 0 0))
      (scale (xyz 1 1 1))
      (rotate (xyz 0 0 0))
    )
  )

  (module SOT95P280X145-5N:SOT95P280X145-5N (layer F.Cu) (tedit 5B76367C) (tstamp 5BBF8484)
    (at 170.16 111.9)
    (path /5B731604)
    (attr smd)
    (fp_text reference "" (at -0.131689 -2.11914) (layer F.SilkS) hide
      (effects (font (size 0.483271 0.483271) (thickness 0.05)))
    )
    (fp_text value "" (at -0.026175 2.20915) (layer F.SilkS) hide
      (effects (font (size 0.483053 0.483053) (thickness 0.05)))
    )
    (fp_line (start 0.85 -1.5) (end -0.85 -1.5) (layer Dwgs.User) (width 0.127))
    (fp_line (start -0.85 -1.5) (end -0.85 1.5) (layer Dwgs.User) (width 0.127))
    (fp_line (start -0.85 1.5) (end 0.85 1.5) (layer Dwgs.User) (width 0.127))
    (fp_line (start 0.85 1.5) (end 0.85 -1.5) (layer Dwgs.User) (width 0.127))
    (fp_line (start 2.11 -1.75) (end -2.11 -1.75) (layer Eco1.User) (width 0.05))
    (fp_line (start -2.11 -1.75) (end -2.11 1.75) (layer Eco1.User) (width 0.05))
    (fp_line (start -2.11 1.75) (end 2.11 1.75) (layer Eco1.User) (width 0.05))
    (fp_line (start 2.11 1.75) (end 2.11 -1.75) (layer Eco1.User) (width 0.05))
    (fp_circle (center -2.59 -1.56) (end -2.49 -1.56) (layer F.SilkS) (width 0.3))
    (fp_line (start 0.85 -1.5) (end -0.85 -1.5) (layer F.SilkS) (width 0.127))
    (fp_line (start -0.85 1.5) (end 0.85 1.5) (layer F.SilkS) (width 0.127))
    (fp_circle (center -0.343 -1.008) (end -0.243 -1.008) (layer Dwgs.User) (width 0.3))
    (pad 1 smd rect (at -1.165 -0.95 90) (size 0.58 1.39) (layers F.Cu F.Paste F.Mask)
      (net 1 VIN))
    (pad 2 smd rect (at -1.165 0 90) (size 0.58 1.39) (layers F.Cu F.Paste F.Mask)
      (net 2 GND))
    (pad 3 smd rect (at -1.165 0.95 90) (size 0.58 1.39) (layers F.Cu F.Paste F.Mask)
      (net 1 VIN))
    (pad 4 smd rect (at 1.165 0.95 90) (size 0.58 1.39) (layers F.Cu F.Paste F.Mask)
      (net 3 "Net-(C2-Pad1)"))
    (pad 5 smd rect (at 1.165 -0.95 90) (size 0.58 1.39) (layers F.Cu F.Paste F.Mask)
      (net 4 VCC))
  )

  (module EFM32HG310F64G-A-QFN32:SL_EFM32G200F64-QFN32T (layer F.Cu) (tedit 5B764D0F) (tstamp 5BBF84BC)
    (at 177.8 80.01)
    (path /5B7311B2)
    (attr smd)
    (fp_text reference "" (at -1.12594 -4.57726) (layer F.SilkS) hide
      (effects (font (size 1.00308 1.00308) (thickness 0.05)))
    )
    (fp_text value "" (at -0.489386 4.482) (layer F.SilkS) hide
      (effects (font (size 1.00422 1.00422) (thickness 0.05)))
    )
    (fp_poly (pts (xy -1.39259 -1.39) (xy 1.39 -1.39) (xy 1.39 1.39259) (xy -1.39259 1.39259)) (layer F.Paste) (width 0))
    (fp_circle (center -3.9 -2.27) (end -3.8 -2.27) (layer F.SilkS) (width 0.2))
    (fp_circle (center -2.77 -2.27) (end -2.67 -2.27) (layer Dwgs.User) (width 0.2))
    (fp_line (start 3 3) (end -3 3) (layer Dwgs.User) (width 0.127))
    (fp_line (start 3 -3) (end -3 -3) (layer Dwgs.User) (width 0.127))
    (fp_line (start 3 3) (end 3 -3) (layer Dwgs.User) (width 0.127))
    (fp_line (start -3 3) (end -3 -3) (layer Dwgs.User) (width 0.127))
    (fp_line (start 3 3) (end 2.7 3) (layer F.SilkS) (width 0.127))
    (fp_line (start 3 -3) (end 2.7 -3) (layer F.SilkS) (width 0.127))
    (fp_line (start -3 3) (end -2.7 3) (layer F.SilkS) (width 0.127))
    (fp_line (start -3 -3) (end -2.7 -3) (layer F.SilkS) (width 0.127))
    (fp_line (start 3 3) (end 3 2.7) (layer F.SilkS) (width 0.127))
    (fp_line (start 3 -3) (end 3 -2.7) (layer F.SilkS) (width 0.127))
    (fp_line (start -3 3) (end -3 2.7) (layer F.SilkS) (width 0.127))
    (fp_line (start -3 -3) (end -3 -2.7) (layer F.SilkS) (width 0.127))
    (fp_line (start -3.65 3.65) (end 3.65 3.65) (layer Eco1.User) (width 0.05))
    (fp_line (start -3.65 -3.65) (end 3.65 -3.65) (layer Eco1.User) (width 0.05))
    (fp_line (start -3.65 3.65) (end -3.65 -3.65) (layer Eco1.User) (width 0.05))
    (fp_line (start 3.65 3.65) (end 3.65 -3.65) (layer Eco1.User) (width 0.05))
    (pad 17 smd rect (at 3 2.275) (size 0.8 0.35) (layers F.Cu F.Paste F.Mask)
      (net 30 PD6))
    (pad 18 smd rect (at 3 1.625) (size 0.8 0.35) (layers F.Cu F.Paste F.Mask)
      (net 31 PD7))
    (pad 19 smd rect (at 3 0.975) (size 0.8 0.35) (layers F.Cu F.Paste F.Mask)
      (net 4 VCC))
    (pad 20 smd rect (at 3 0.325) (size 0.8 0.35) (layers F.Cu F.Paste F.Mask)
      (net 5 "Net-(C11-Pad2)"))
    (pad 21 smd rect (at 3 -0.325) (size 0.8 0.35) (layers F.Cu F.Paste F.Mask)
      (net 40 "Net-(U2-Pad21)"))
    (pad 22 smd rect (at 3 -0.975) (size 0.8 0.35) (layers F.Cu F.Paste F.Mask)
      (net 41 "Net-(U2-Pad22)"))
    (pad 23 smd rect (at 3 -1.625) (size 0.8 0.35) (layers F.Cu F.Paste F.Mask)
      (net 27 PC14))
    (pad 24 smd rect (at 3 -2.275) (size 0.8 0.35) (layers F.Cu F.Paste F.Mask)
      (net 28 PC15))
    (pad 25 smd rect (at 2.275 -3 90) (size 0.8 0.35) (layers F.Cu F.Paste F.Mask)
      (net 11 SWCLK))
    (pad 26 smd rect (at 1.625 -3 90) (size 0.8 0.35) (layers F.Cu F.Paste F.Mask)
      (net 10 SWDIO))
    (pad 27 smd rect (at 0.975 -3 90) (size 0.8 0.35) (layers F.Cu F.Paste F.Mask)
      (net 36 PF2))
    (pad 28 smd rect (at 0.325 -3 90) (size 0.8 0.35) (layers F.Cu F.Paste F.Mask)
      (net 4 VCC))
    (pad 29 smd rect (at -0.325 -3 90) (size 0.8 0.35) (layers F.Cu F.Paste F.Mask)
      (net 32 PE10))
    (pad 30 smd rect (at -0.975 -3 90) (size 0.8 0.35) (layers F.Cu F.Paste F.Mask)
      (net 33 PE11))
    (pad 31 smd rect (at -1.625 -3 90) (size 0.8 0.35) (layers F.Cu F.Paste F.Mask)
      (net 34 PE12))
    (pad 32 smd rect (at -2.275 -3 90) (size 0.8 0.35) (layers F.Cu F.Paste F.Mask)
      (net 35 PE13))
    (pad 1 smd rect (at -3 -2.275) (size 0.8 0.35) (layers F.Cu F.Paste F.Mask)
      (net 17 PA0))
    (pad 2 smd rect (at -3 -1.625) (size 0.8 0.35) (layers F.Cu F.Paste F.Mask)
      (net 18 PA1))
    (pad 3 smd rect (at -3 -0.975) (size 0.8 0.35) (layers F.Cu F.Paste F.Mask)
      (net 19 PA2))
    (pad 4 smd rect (at -3 -0.325) (size 0.8 0.35) (layers F.Cu F.Paste F.Mask)
      (net 4 VCC))
    (pad 5 smd rect (at -3 0.325) (size 0.8 0.35) (layers F.Cu F.Paste F.Mask)
      (net 25 PC0))
    (pad 6 smd rect (at -3 0.975) (size 0.8 0.35) (layers F.Cu F.Paste F.Mask)
      (net 26 PC1))
    (pad 7 smd rect (at -3 1.625) (size 0.8 0.35) (layers F.Cu F.Paste F.Mask)
      (net 20 PB7))
    (pad 8 smd rect (at -3 2.275) (size 0.8 0.35) (layers F.Cu F.Paste F.Mask)
      (net 21 PB8))
    (pad 9 smd rect (at -2.275 3 90) (size 0.8 0.35) (layers F.Cu F.Paste F.Mask)
      (net 14 RESET))
    (pad 10 smd rect (at -1.625 3 90) (size 0.8 0.35) (layers F.Cu F.Paste F.Mask)
      (net 22 PB11))
    (pad 11 smd rect (at -0.975 3 90) (size 0.8 0.35) (layers F.Cu F.Paste F.Mask)
      (net 4 VCC))
    (pad 12 smd rect (at -0.325 3 90) (size 0.8 0.35) (layers F.Cu F.Paste F.Mask)
      (net 23 PB13))
    (pad 13 smd rect (at 0.325 3 90) (size 0.8 0.35) (layers F.Cu F.Paste F.Mask)
      (net 24 PB14))
    (pad 14 smd rect (at 0.975 3 90) (size 0.8 0.35) (layers F.Cu F.Paste F.Mask)
      (net 4 VCC))
    (pad 15 smd rect (at 1.625 3 90) (size 0.8 0.35) (layers F.Cu F.Paste F.Mask)
      (net 4 VCC))
    (pad 16 smd rect (at 2.275 3 90) (size 0.8 0.35) (layers F.Cu F.Paste F.Mask)
      (net 29 PD5))
    (pad 0 thru_hole rect (at -1.66 -1.65) (size 1.1 1.1) (drill 0.3) (layers *.Cu)
      (net 2 GND))
    (pad 0 thru_hole rect (at -1.66 -0.55) (size 1.1 1.1) (drill 0.3) (layers *.Cu)
      (net 2 GND))
    (pad 0 thru_hole rect (at -0.56 -1.65) (size 1.1 1.1) (drill 0.3) (layers *.Cu)
      (net 2 GND))
    (pad 0 thru_hole rect (at -0.56 -0.55) (size 1.1 1.1) (drill 0.3) (layers *.Cu)
      (net 2 GND))
    (pad 0 thru_hole rect (at 0.54 -1.65) (size 1.1 1.1) (drill 0.3) (layers *.Cu)
      (net 2 GND))
    (pad 0 thru_hole rect (at 1.64 -1.65) (size 1.1 1.1) (drill 0.3) (layers *.Cu)
      (net 2 GND))
    (pad 0 thru_hole rect (at 0.54 -0.55) (size 1.1 1.1) (drill 0.3) (layers *.Cu)
      (net 2 GND))
    (pad 0 thru_hole rect (at 1.64 -0.55) (size 1.1 1.1) (drill 0.3) (layers *.Cu)
      (net 2 GND))
    (pad 0 thru_hole rect (at -1.66 0.55) (size 1.1 1.1) (drill 0.3) (layers *.Cu)
      (net 2 GND))
    (pad 0 thru_hole rect (at -0.56 0.55) (size 1.1 1.1) (drill 0.3) (layers *.Cu)
      (net 2 GND))
    (pad 0 thru_hole rect (at 0.54 0.55) (size 1.1 1.1) (drill 0.3) (layers *.Cu)
      (net 2 GND))
    (pad 0 thru_hole rect (at 1.64 0.55) (size 1.1 1.1) (drill 0.3) (layers *.Cu)
      (net 2 GND))
    (pad 0 thru_hole rect (at -1.66 1.65) (size 1.1 1.1) (drill 0.3) (layers *.Cu)
      (net 2 GND))
    (pad 0 thru_hole rect (at -0.56 1.65) (size 1.1 1.1) (drill 0.3) (layers *.Cu)
      (net 2 GND))
    (pad 0 thru_hole rect (at 0.54 1.65) (size 1.1 1.1) (drill 0.3) (layers *.Cu)
      (net 2 GND))
    (pad 0 thru_hole rect (at 1.64 1.65) (size 1.1 1.1) (drill 0.3) (layers *.Cu)
      (net 2 GND))
  )

  (module Connector_PinHeader_2.54mm:PinHeader_2x10_P2.54mm_Vertical (layer F.Cu) (tedit 5B7614CF) (tstamp 5BBF83DD)
    (at 157.48 71.12)
    (descr "Through hole straight pin header, 2x10, 2.54mm pitch, double rows")
    (tags "Through hole pin header THT 2x10 2.54mm double row")
    (path /5B73127F)
    (fp_text reference "" (at 1.27 -2.33) (layer F.SilkS) hide
      (effects (font (size 1 1) (thickness 0.15)))
    )
    (fp_text value "" (at 1.27 25.19) (layer F.Fab)
      (effects (font (size 1 1) (thickness 0.15)))
    )
    (fp_text user %R (at 1.27 11.43 90) (layer F.Fab)
      (effects (font (size 1 1) (thickness 0.15)))
    )
    (fp_line (start 4.35 -1.8) (end -1.8 -1.8) (layer F.CrtYd) (width 0.05))
    (fp_line (start 4.35 24.65) (end 4.35 -1.8) (layer F.CrtYd) (width 0.05))
    (fp_line (start -1.8 24.65) (end 4.35 24.65) (layer F.CrtYd) (width 0.05))
    (fp_line (start -1.8 -1.8) (end -1.8 24.65) (layer F.CrtYd) (width 0.05))
    (fp_line (start -1.33 -1.33) (end 0 -1.33) (layer F.SilkS) (width 0.12))
    (fp_line (start -1.33 0) (end -1.33 -1.33) (layer F.SilkS) (width 0.12))
    (fp_line (start 1.27 -1.33) (end 3.87 -1.33) (layer F.SilkS) (width 0.12))
    (fp_line (start 1.27 1.27) (end 1.27 -1.33) (layer F.SilkS) (width 0.12))
    (fp_line (start -1.33 1.27) (end 1.27 1.27) (layer F.SilkS) (width 0.12))
    (fp_line (start 3.87 -1.33) (end 3.87 24.19) (layer F.SilkS) (width 0.12))
    (fp_line (start -1.33 1.27) (end -1.33 24.19) (layer F.SilkS) (width 0.12))
    (fp_line (start -1.33 24.19) (end 3.87 24.19) (layer F.SilkS) (width 0.12))
    (fp_line (start -1.27 0) (end 0 -1.27) (layer F.Fab) (width 0.1))
    (fp_line (start -1.27 24.13) (end -1.27 0) (layer F.Fab) (width 0.1))
    (fp_line (start 3.81 24.13) (end -1.27 24.13) (layer F.Fab) (width 0.1))
    (fp_line (start 3.81 -1.27) (end 3.81 24.13) (layer F.Fab) (width 0.1))
    (fp_line (start 0 -1.27) (end 3.81 -1.27) (layer F.Fab) (width 0.1))
    (pad 19 thru_hole oval (at 2.54 22.86) (size 1.7 1.7) (drill 1) (layers *.Cu *.Mask)
      (net 16 "Net-(J2-Pad19)"))
    (pad 20 thru_hole circle (at 0 22.86) (size 1.7 1.7) (drill 1) (layers *.Cu)
      (net 2 GND))
    (pad 17 thru_hole oval (at 2.54 20.32) (size 1.7 1.7) (drill 1) (layers *.Cu *.Mask)
      (net 15 "Net-(J2-Pad17)"))
    (pad 18 thru_hole oval (at 0 20.32) (size 1.7 1.7) (drill 1) (layers *.Cu)
      (net 2 GND))
    (pad 15 thru_hole oval (at 2.54 17.78) (size 1.7 1.7) (drill 1) (layers *.Cu *.Mask)
      (net 14 RESET))
    (pad 16 thru_hole oval (at 0 17.78) (size 1.7 1.7) (drill 1) (layers *.Cu)
      (net 2 GND))
    (pad 13 thru_hole oval (at 2.54 15.24) (size 1.7 1.7) (drill 1) (layers *.Cu)
      (net 13 "Net-(J2-Pad13)"))
    (pad 14 thru_hole oval (at 0 15.24) (size 1.7 1.7) (drill 1) (layers *.Cu)
      (net 2 GND))
    (pad 11 thru_hole oval (at 2.54 12.7) (size 1.7 1.7) (drill 1) (layers *.Cu)
      (net 12 "Net-(J2-Pad11)"))
    (pad 12 thru_hole oval (at 0 12.7) (size 1.7 1.7) (drill 1) (layers *.Cu)
      (net 2 GND))
    (pad 9 thru_hole oval (at 2.54 10.16) (size 1.7 1.7) (drill 1) (layers *.Cu F.Mask)
      (net 11 SWCLK))
    (pad 10 thru_hole oval (at 0 10.16) (size 1.7 1.7) (drill 1) (layers *.Cu)
      (net 2 GND))
    (pad 7 thru_hole oval (at 2.54 7.62) (size 1.7 1.7) (drill 1) (layers *.Cu F.Mask)
      (net 10 SWDIO))
    (pad 8 thru_hole oval (at 0 7.62) (size 1.7 1.7) (drill 1) (layers *.Cu)
      (net 2 GND))
    (pad 5 thru_hole oval (at 2.54 5.08) (size 1.7 1.7) (drill 1) (layers *.Cu)
      (net 9 "Net-(J2-Pad5)"))
    (pad 6 thru_hole oval (at 0 5.08) (size 1.7 1.7) (drill 1) (layers *.Cu)
      (net 2 GND))
    (pad 3 thru_hole oval (at 2.54 2.54) (size 1.7 1.7) (drill 1) (layers *.Cu)
      (net 8 "Net-(J2-Pad3)"))
    (pad 4 thru_hole oval (at 0 2.54) (size 1.7 1.7) (drill 1) (layers *.Cu)
      (net 2 GND))
    (pad 1 thru_hole rect (at 2.54 0) (size 1.7 1.7) (drill 1) (layers *.Cu)
      (net 4 VCC))
    (pad 2 thru_hole circle (at 0 0) (size 1.7 1.7) (drill 1) (layers *.Cu)
      (net 7 "Net-(J2-Pad2)"))
    (model ${KISYS3DMOD}/Connector_PinHeader_2.54mm.3dshapes/PinHeader_2x10_P2.54mm_Vertical.wrl
      (at (xyz 0 0 0))
      (scale (xyz 1 1 1))
      (rotate (xyz 0 0 0))
    )
  )

  (module Capacitor_SMD:C_0805_2012Metric_Pad1.15x1.40mm_HandSolder (layer F.Cu) (tedit 5B36C52B) (tstamp 5BBF82D4)
    (at 163.83 112.005 270)
    (descr "Capacitor SMD 0805 (2012 Metric), square (rectangular) end terminal, IPC_7351 nominal with elongated pad for handsoldering. (Body size source: https://docs.google.com/spreadsheets/d/1BsfQQcO9C6DZCsRaXUlFlo91Tg2WpOkGARC1WS5S8t0/edit?usp=sharing), generated with kicad-footprint-generator")
    (tags "capacitor handsolder")
    (path /5B733BE0)
    (attr smd)
    (fp_text reference C1 (at 2.795 -0.17) (layer F.SilkS)
      (effects (font (size 1 1) (thickness 0.15)))
    )
    (fp_text value 1uF (at 0 1.65 270) (layer F.Fab)
      (effects (font (size 1 1) (thickness 0.15)))
    )
    (fp_line (start -1 0.6) (end -1 -0.6) (layer F.Fab) (width 0.1))
    (fp_line (start -1 -0.6) (end 1 -0.6) (layer F.Fab) (width 0.1))
    (fp_line (start 1 -0.6) (end 1 0.6) (layer F.Fab) (width 0.1))
    (fp_line (start 1 0.6) (end -1 0.6) (layer F.Fab) (width 0.1))
    (fp_line (start -0.261252 -0.71) (end 0.261252 -0.71) (layer F.SilkS) (width 0.12))
    (fp_line (start -0.261252 0.71) (end 0.261252 0.71) (layer F.SilkS) (width 0.12))
    (fp_line (start -1.85 0.95) (end -1.85 -0.95) (layer F.CrtYd) (width 0.05))
    (fp_line (start -1.85 -0.95) (end 1.85 -0.95) (layer F.CrtYd) (width 0.05))
    (fp_line (start 1.85 -0.95) (end 1.85 0.95) (layer F.CrtYd) (width 0.05))
    (fp_line (start 1.85 0.95) (end -1.85 0.95) (layer F.CrtYd) (width 0.05))
    (fp_text user %R (at 0 0 270) (layer F.Fab)
      (effects (font (size 0.5 0.5) (thickness 0.08)))
    )
    (pad 1 smd roundrect (at -1.025 0 270) (size 1.15 1.4) (layers F.Cu F.Paste F.Mask) (roundrect_rratio 0.217391)
      (net 1 VIN))
    (pad 2 smd roundrect (at 1.025 0 270) (size 1.15 1.4) (layers F.Cu F.Paste F.Mask) (roundrect_rratio 0.217391)
      (net 2 GND))
    (model ${KISYS3DMOD}/Capacitor_SMD.3dshapes/C_0805_2012Metric.wrl
      (at (xyz 0 0 0))
      (scale (xyz 1 1 1))
      (rotate (xyz 0 0 0))
    )
  )

  (module Capacitor_SMD:C_0805_2012Metric_Pad1.15x1.40mm_HandSolder (layer F.Cu) (tedit 5B36C52B) (tstamp 5BBF82E5)
    (at 171.45 116.84 270)
    (descr "Capacitor SMD 0805 (2012 Metric), square (rectangular) end terminal, IPC_7351 nominal with elongated pad for handsoldering. (Body size source: https://docs.google.com/spreadsheets/d/1BsfQQcO9C6DZCsRaXUlFlo91Tg2WpOkGARC1WS5S8t0/edit?usp=sharing), generated with kicad-footprint-generator")
    (tags "capacitor handsolder")
    (path /5B733C56)
    (attr smd)
    (fp_text reference C2 (at 2.76 0.05) (layer F.SilkS)
      (effects (font (size 1 1) (thickness 0.15)))
    )
    (fp_text value 470pF (at 0 1.65 270) (layer F.Fab)
      (effects (font (size 1 1) (thickness 0.15)))
    )
    (fp_text user %R (at 0 0 270) (layer F.Fab)
      (effects (font (size 0.5 0.5) (thickness 0.08)))
    )
    (fp_line (start 1.85 0.95) (end -1.85 0.95) (layer F.CrtYd) (width 0.05))
    (fp_line (start 1.85 -0.95) (end 1.85 0.95) (layer F.CrtYd) (width 0.05))
    (fp_line (start -1.85 -0.95) (end 1.85 -0.95) (layer F.CrtYd) (width 0.05))
    (fp_line (start -1.85 0.95) (end -1.85 -0.95) (layer F.CrtYd) (width 0.05))
    (fp_line (start -0.261252 0.71) (end 0.261252 0.71) (layer F.SilkS) (width 0.12))
    (fp_line (start -0.261252 -0.71) (end 0.261252 -0.71) (layer F.SilkS) (width 0.12))
    (fp_line (start 1 0.6) (end -1 0.6) (layer F.Fab) (width 0.1))
    (fp_line (start 1 -0.6) (end 1 0.6) (layer F.Fab) (width 0.1))
    (fp_line (start -1 -0.6) (end 1 -0.6) (layer F.Fab) (width 0.1))
    (fp_line (start -1 0.6) (end -1 -0.6) (layer F.Fab) (width 0.1))
    (pad 2 smd roundrect (at 1.025 0 270) (size 1.15 1.4) (layers F.Cu F.Paste F.Mask) (roundrect_rratio 0.217391)
      (net 2 GND))
    (pad 1 smd roundrect (at -1.025 0 270) (size 1.15 1.4) (layers F.Cu F.Paste F.Mask) (roundrect_rratio 0.217391)
      (net 3 "Net-(C2-Pad1)"))
    (model ${KISYS3DMOD}/Capacitor_SMD.3dshapes/C_0805_2012Metric.wrl
      (at (xyz 0 0 0))
      (scale (xyz 1 1 1))
      (rotate (xyz 0 0 0))
    )
  )

  (module Capacitor_SMD:C_0805_2012Metric_Pad1.15x1.40mm_HandSolder (layer F.Cu) (tedit 5B36C52B) (tstamp 5BBF82F6)
    (at 170.425 107.696 180)
    (descr "Capacitor SMD 0805 (2012 Metric), square (rectangular) end terminal, IPC_7351 nominal with elongated pad for handsoldering. (Body size source: https://docs.google.com/spreadsheets/d/1BsfQQcO9C6DZCsRaXUlFlo91Tg2WpOkGARC1WS5S8t0/edit?usp=sharing), generated with kicad-footprint-generator")
    (tags "capacitor handsolder")
    (path /5B733D75)
    (attr smd)
    (fp_text reference C3 (at 2.795 -0.07 270) (layer F.SilkS)
      (effects (font (size 1 1) (thickness 0.15)))
    )
    (fp_text value 2.2uF (at 0 1.65 180) (layer F.Fab)
      (effects (font (size 1 1) (thickness 0.15)))
    )
    (fp_line (start -1 0.6) (end -1 -0.6) (layer F.Fab) (width 0.1))
    (fp_line (start -1 -0.6) (end 1 -0.6) (layer F.Fab) (width 0.1))
    (fp_line (start 1 -0.6) (end 1 0.6) (layer F.Fab) (width 0.1))
    (fp_line (start 1 0.6) (end -1 0.6) (layer F.Fab) (width 0.1))
    (fp_line (start -0.261252 -0.71) (end 0.261252 -0.71) (layer F.SilkS) (width 0.12))
    (fp_line (start -0.261252 0.71) (end 0.261252 0.71) (layer F.SilkS) (width 0.12))
    (fp_line (start -1.85 0.95) (end -1.85 -0.95) (layer F.CrtYd) (width 0.05))
    (fp_line (start -1.85 -0.95) (end 1.85 -0.95) (layer F.CrtYd) (width 0.05))
    (fp_line (start 1.85 -0.95) (end 1.85 0.95) (layer F.CrtYd) (width 0.05))
    (fp_line (start 1.85 0.95) (end -1.85 0.95) (layer F.CrtYd) (width 0.05))
    (fp_text user %R (at 0 0 180) (layer F.Fab)
      (effects (font (size 0.5 0.5) (thickness 0.08)))
    )
    (pad 1 smd roundrect (at -1.025 0 180) (size 1.15 1.4) (layers F.Cu F.Paste F.Mask) (roundrect_rratio 0.217391)
      (net 4 VCC))
    (pad 2 smd roundrect (at 1.025 0 180) (size 1.15 1.4) (layers F.Cu F.Paste F.Mask) (roundrect_rratio 0.217391)
      (net 2 GND))
    (model ${KISYS3DMOD}/Capacitor_SMD.3dshapes/C_0805_2012Metric.wrl
      (at (xyz 0 0 0))
      (scale (xyz 1 1 1))
      (rotate (xyz 0 0 0))
    )
  )

  (module Capacitor_SMD:C_0805_2012Metric_Pad1.15x1.40mm_HandSolder (layer F.Cu) (tedit 5B36C52B) (tstamp 5BBF8307)
    (at 168.91 78.74 180)
    (descr "Capacitor SMD 0805 (2012 Metric), square (rectangular) end terminal, IPC_7351 nominal with elongated pad for handsoldering. (Body size source: https://docs.google.com/spreadsheets/d/1BsfQQcO9C6DZCsRaXUlFlo91Tg2WpOkGARC1WS5S8t0/edit?usp=sharing), generated with kicad-footprint-generator")
    (tags "capacitor handsolder")
    (path /5B735963)
    (attr smd)
    (fp_text reference C4 (at 1.016 1.524 180) (layer F.SilkS)
      (effects (font (size 1 1) (thickness 0.15)))
    )
    (fp_text value 10uf (at 3.71 -0.06 180) (layer F.Fab)
      (effects (font (size 1 1) (thickness 0.15)))
    )
    (fp_text user %R (at 0 0 180) (layer F.Fab)
      (effects (font (size 0.5 0.5) (thickness 0.08)))
    )
    (fp_line (start 1.85 0.95) (end -1.85 0.95) (layer F.CrtYd) (width 0.05))
    (fp_line (start 1.85 -0.95) (end 1.85 0.95) (layer F.CrtYd) (width 0.05))
    (fp_line (start -1.85 -0.95) (end 1.85 -0.95) (layer F.CrtYd) (width 0.05))
    (fp_line (start -1.85 0.95) (end -1.85 -0.95) (layer F.CrtYd) (width 0.05))
    (fp_line (start -0.261252 0.71) (end 0.261252 0.71) (layer F.SilkS) (width 0.12))
    (fp_line (start -0.261252 -0.71) (end 0.261252 -0.71) (layer F.SilkS) (width 0.12))
    (fp_line (start 1 0.6) (end -1 0.6) (layer F.Fab) (width 0.1))
    (fp_line (start 1 -0.6) (end 1 0.6) (layer F.Fab) (width 0.1))
    (fp_line (start -1 -0.6) (end 1 -0.6) (layer F.Fab) (width 0.1))
    (fp_line (start -1 0.6) (end -1 -0.6) (layer F.Fab) (width 0.1))
    (pad 2 smd roundrect (at 1.025 0 180) (size 1.15 1.4) (layers F.Cu F.Paste F.Mask) (roundrect_rratio 0.217391)
      (net 2 GND))
    (pad 1 smd roundrect (at -1.025 0 180) (size 1.15 1.4) (layers F.Cu F.Paste F.Mask) (roundrect_rratio 0.217391)
      (net 4 VCC))
    (model ${KISYS3DMOD}/Capacitor_SMD.3dshapes/C_0805_2012Metric.wrl
      (at (xyz 0 0 0))
      (scale (xyz 1 1 1))
      (rotate (xyz 0 0 0))
    )
  )

  (module Capacitor_SMD:C_0805_2012Metric_Pad1.15x1.40mm_HandSolder (layer F.Cu) (tedit 5B36C52B) (tstamp 5BBF8318)
    (at 168.91 81.525 180)
    (descr "Capacitor SMD 0805 (2012 Metric), square (rectangular) end terminal, IPC_7351 nominal with elongated pad for handsoldering. (Body size source: https://docs.google.com/spreadsheets/d/1BsfQQcO9C6DZCsRaXUlFlo91Tg2WpOkGARC1WS5S8t0/edit?usp=sharing), generated with kicad-footprint-generator")
    (tags "capacitor handsolder")
    (path /5B735A89)
    (attr smd)
    (fp_text reference C5 (at 1.016 -1.787 180) (layer F.SilkS)
      (effects (font (size 1 1) (thickness 0.15)))
    )
    (fp_text value 0.1uF (at 3.91 0.125 180) (layer F.Fab)
      (effects (font (size 1 1) (thickness 0.15)))
    )
    (fp_line (start -1 0.6) (end -1 -0.6) (layer F.Fab) (width 0.1))
    (fp_line (start -1 -0.6) (end 1 -0.6) (layer F.Fab) (width 0.1))
    (fp_line (start 1 -0.6) (end 1 0.6) (layer F.Fab) (width 0.1))
    (fp_line (start 1 0.6) (end -1 0.6) (layer F.Fab) (width 0.1))
    (fp_line (start -0.261252 -0.71) (end 0.261252 -0.71) (layer F.SilkS) (width 0.12))
    (fp_line (start -0.261252 0.71) (end 0.261252 0.71) (layer F.SilkS) (width 0.12))
    (fp_line (start -1.85 0.95) (end -1.85 -0.95) (layer F.CrtYd) (width 0.05))
    (fp_line (start -1.85 -0.95) (end 1.85 -0.95) (layer F.CrtYd) (width 0.05))
    (fp_line (start 1.85 -0.95) (end 1.85 0.95) (layer F.CrtYd) (width 0.05))
    (fp_line (start 1.85 0.95) (end -1.85 0.95) (layer F.CrtYd) (width 0.05))
    (fp_text user %R (at 0 0 180) (layer F.Fab)
      (effects (font (size 0.5 0.5) (thickness 0.08)))
    )
    (pad 1 smd roundrect (at -1.025 0 180) (size 1.15 1.4) (layers F.Cu F.Paste F.Mask) (roundrect_rratio 0.217391)
      (net 4 VCC))
    (pad 2 smd roundrect (at 1.025 0 180) (size 1.15 1.4) (layers F.Cu F.Paste F.Mask) (roundrect_rratio 0.217391)
      (net 2 GND))
    (model ${KISYS3DMOD}/Capacitor_SMD.3dshapes/C_0805_2012Metric.wrl
      (at (xyz 0 0 0))
      (scale (xyz 1 1 1))
      (rotate (xyz 0 0 0))
    )
  )

  (module Capacitor_SMD:C_0805_2012Metric_Pad1.15x1.40mm_HandSolder (layer F.Cu) (tedit 5B36C52B) (tstamp 5BBF8329)
    (at 171.45 89.925 270)
    (descr "Capacitor SMD 0805 (2012 Metric), square (rectangular) end terminal, IPC_7351 nominal with elongated pad for handsoldering. (Body size source: https://docs.google.com/spreadsheets/d/1BsfQQcO9C6DZCsRaXUlFlo91Tg2WpOkGARC1WS5S8t0/edit?usp=sharing), generated with kicad-footprint-generator")
    (tags "capacitor handsolder")
    (path /5B7358D9)
    (attr smd)
    (fp_text reference C6 (at 2.875 -0.15) (layer F.SilkS)
      (effects (font (size 1 1) (thickness 0.15)))
    )
    (fp_text value 10nF (at 0 1.65 270) (layer F.Fab)
      (effects (font (size 1 1) (thickness 0.15)))
    )
    (fp_line (start -1 0.6) (end -1 -0.6) (layer F.Fab) (width 0.1))
    (fp_line (start -1 -0.6) (end 1 -0.6) (layer F.Fab) (width 0.1))
    (fp_line (start 1 -0.6) (end 1 0.6) (layer F.Fab) (width 0.1))
    (fp_line (start 1 0.6) (end -1 0.6) (layer F.Fab) (width 0.1))
    (fp_line (start -0.261252 -0.71) (end 0.261252 -0.71) (layer F.SilkS) (width 0.12))
    (fp_line (start -0.261252 0.71) (end 0.261252 0.71) (layer F.SilkS) (width 0.12))
    (fp_line (start -1.85 0.95) (end -1.85 -0.95) (layer F.CrtYd) (width 0.05))
    (fp_line (start -1.85 -0.95) (end 1.85 -0.95) (layer F.CrtYd) (width 0.05))
    (fp_line (start 1.85 -0.95) (end 1.85 0.95) (layer F.CrtYd) (width 0.05))
    (fp_line (start 1.85 0.95) (end -1.85 0.95) (layer F.CrtYd) (width 0.05))
    (fp_text user %R (at 0 0 270) (layer F.Fab)
      (effects (font (size 0.5 0.5) (thickness 0.08)))
    )
    (pad 1 smd roundrect (at -1.025 0 270) (size 1.15 1.4) (layers F.Cu F.Paste F.Mask) (roundrect_rratio 0.217391)
      (net 4 VCC))
    (pad 2 smd roundrect (at 1.025 0 270) (size 1.15 1.4) (layers F.Cu F.Paste F.Mask) (roundrect_rratio 0.217391)
      (net 2 GND))
    (model ${KISYS3DMOD}/Capacitor_SMD.3dshapes/C_0805_2012Metric.wrl
      (at (xyz 0 0 0))
      (scale (xyz 1 1 1))
      (rotate (xyz 0 0 0))
    )
  )

  (module Capacitor_SMD:C_0805_2012Metric_Pad1.15x1.40mm_HandSolder (layer F.Cu) (tedit 5B75FF27) (tstamp 5BBF833A)
    (at 179.07 72.39 180)
    (descr "Capacitor SMD 0805 (2012 Metric), square (rectangular) end terminal, IPC_7351 nominal with elongated pad for handsoldering. (Body size source: https://docs.google.com/spreadsheets/d/1BsfQQcO9C6DZCsRaXUlFlo91Tg2WpOkGARC1WS5S8t0/edit?usp=sharing), generated with kicad-footprint-generator")
    (tags "capacitor handsolder")
    (path /5B735AEB)
    (attr smd)
    (fp_text reference C7 (at -0.05 1.62 180) (layer F.SilkS)
      (effects (font (size 1 1) (thickness 0.15)))
    )
    (fp_text value 0.1uF (at -0.13 -1.61 180) (layer F.Fab)
      (effects (font (size 1 1) (thickness 0.15)))
    )
    (fp_line (start -1 0.6) (end -1 -0.6) (layer F.Fab) (width 0.1))
    (fp_line (start -1 -0.6) (end 1 -0.6) (layer F.Fab) (width 0.1))
    (fp_line (start 1 -0.6) (end 1 0.6) (layer F.Fab) (width 0.1))
    (fp_line (start 1 0.6) (end -1 0.6) (layer F.Fab) (width 0.1))
    (fp_line (start -0.261252 -0.71) (end 0.261252 -0.71) (layer F.SilkS) (width 0.12))
    (fp_line (start -0.261252 0.71) (end 0.261252 0.71) (layer F.SilkS) (width 0.12))
    (fp_line (start -1.85 0.95) (end -1.85 -0.95) (layer F.CrtYd) (width 0.05))
    (fp_line (start -1.85 -0.95) (end 1.85 -0.95) (layer F.CrtYd) (width 0.05))
    (fp_line (start 1.85 -0.95) (end 1.85 0.95) (layer F.CrtYd) (width 0.05))
    (fp_line (start 1.85 0.95) (end -1.85 0.95) (layer F.CrtYd) (width 0.05))
    (fp_text user %R (at 0 0 180) (layer F.Fab)
      (effects (font (size 0.5 0.5) (thickness 0.08)))
    )
    (pad 1 smd roundrect (at -1.025 0 180) (size 1.15 1.4) (layers F.Cu F.Paste F.Mask) (roundrect_rratio 0.217391)
      (net 2 GND))
    (pad 2 smd roundrect (at 1.025 0 180) (size 1.15 1.4) (layers F.Cu F.Paste F.Mask) (roundrect_rratio 0.217391)
      (net 4 VCC))
    (model ${KISYS3DMOD}/Capacitor_SMD.3dshapes/C_0805_2012Metric.wrl
      (at (xyz 0 0 0))
      (scale (xyz 1 1 1))
      (rotate (xyz 0 0 0))
    )
  )

  (module Capacitor_SMD:C_0805_2012Metric_Pad1.15x1.40mm_HandSolder (layer F.Cu) (tedit 5B36C52B) (tstamp 5BBF834B)
    (at 175.26 89.925 270)
    (descr "Capacitor SMD 0805 (2012 Metric), square (rectangular) end terminal, IPC_7351 nominal with elongated pad for handsoldering. (Body size source: https://docs.google.com/spreadsheets/d/1BsfQQcO9C6DZCsRaXUlFlo91Tg2WpOkGARC1WS5S8t0/edit?usp=sharing), generated with kicad-footprint-generator")
    (tags "capacitor handsolder")
    (path /5B736F6E)
    (attr smd)
    (fp_text reference C8 (at 2.875 -0.14) (layer F.SilkS)
      (effects (font (size 1 1) (thickness 0.15)))
    )
    (fp_text value 0.1uF (at 0 1.65 270) (layer F.Fab)
      (effects (font (size 1 1) (thickness 0.15)))
    )
    (fp_text user %R (at 0 0 270) (layer F.Fab)
      (effects (font (size 0.5 0.5) (thickness 0.08)))
    )
    (fp_line (start 1.85 0.95) (end -1.85 0.95) (layer F.CrtYd) (width 0.05))
    (fp_line (start 1.85 -0.95) (end 1.85 0.95) (layer F.CrtYd) (width 0.05))
    (fp_line (start -1.85 -0.95) (end 1.85 -0.95) (layer F.CrtYd) (width 0.05))
    (fp_line (start -1.85 0.95) (end -1.85 -0.95) (layer F.CrtYd) (width 0.05))
    (fp_line (start -0.261252 0.71) (end 0.261252 0.71) (layer F.SilkS) (width 0.12))
    (fp_line (start -0.261252 -0.71) (end 0.261252 -0.71) (layer F.SilkS) (width 0.12))
    (fp_line (start 1 0.6) (end -1 0.6) (layer F.Fab) (width 0.1))
    (fp_line (start 1 -0.6) (end 1 0.6) (layer F.Fab) (width 0.1))
    (fp_line (start -1 -0.6) (end 1 -0.6) (layer F.Fab) (width 0.1))
    (fp_line (start -1 0.6) (end -1 -0.6) (layer F.Fab) (width 0.1))
    (pad 2 smd roundrect (at 1.025 0 270) (size 1.15 1.4) (layers F.Cu F.Paste F.Mask) (roundrect_rratio 0.217391)
      (net 2 GND))
    (pad 1 smd roundrect (at -1.025 0 270) (size 1.15 1.4) (layers F.Cu F.Paste F.Mask) (roundrect_rratio 0.217391)
      (net 4 VCC))
    (model ${KISYS3DMOD}/Capacitor_SMD.3dshapes/C_0805_2012Metric.wrl
      (at (xyz 0 0 0))
      (scale (xyz 1 1 1))
      (rotate (xyz 0 0 0))
    )
  )

  (module Capacitor_SMD:C_0805_2012Metric_Pad1.15x1.40mm_HandSolder (layer F.Cu) (tedit 5B36C52B) (tstamp 5BBF835C)
